1 366
2 600
3 466
4 533
5 466
6 233
7 266
8 400
9 433
10 600
11 366
12 333
13 333
14 300
15 400
16 366
17 400
18 266
19 300
20 233
21 166
22 266
23 266
24 366
25 333
26 333
27 333
28 300
29 300
30 300
31 333
32 333
33 366
34 333
35 300
36 366
37 333
38 400
39 266
40 266
41 300
42 433
43 266
44 200
45 200
46 200
47 200
48 233
49 200
50 200
51 200
52 200
53 200
54 233
55 200
56 200
57 233
58 200
59 233
60 233
61 233
62 233
63 200
64 266
65 233
66 233
67 200
68 200
69 200
70 200
71 366
72 333
73 300
74 300
75 366
76 300
77 366
78 400
79 366
80 366
81 366
82 366
83 400
84 400
85 366
86 200
87 233
88 233
89 233
90 233
91 200
92 200
93 233
94 200
95 233
96 200
97 233
98 233
99 200
100 200
101 233
102 200
103 300
104 200
105 400
106 233
107 200
108 266
109 200
110 300
111 200
112 200
113 266
114 233
115 200
116 200
117 200
118 300
119 233
120 300
121 200
122 333
123 200
124 200
125 200
126 233
127 233
128 300
129 533
130 233
131 200
132 233
133 266
134 233
135 266
136 233
137 266
138 200
139 200
140 200
141 233
142 200
143 366
144 233
145 400
146 433
147 333
148 400
149 400
150 433
151 333
152 233
153 300
154 200
155 200
156 200
157 500
158 700
159 333
160 233
161 200
162 266
163 200
164 233
165 466
166 400
167 300
168 333
169 200
170 200
171 266
172 266
173 400
174 466
175 300
176 200
177 433
178 433
179 466
180 266
181 233
182 400
183 433
184 600
185 366
186 300
187 266
188 200
189 333
190 333
191 200
192 533
193 400
194 333
195 233
196 533
197 366
198 200
199 566
200 266
201 200
202 500
203 366
204 466
205 500
206 366
207 666
208 233
209 1566
210 366
211 300
212 233
213 200
214 366
215 233
216 300
217 233
218 566
219 333
220 300
221 366
222 233
223 233
224 333
225 233
226 466
227 533
228 233
229 266
230 400
231 333
232 233
233 266
234 300
235 266
236 200
237 333
238 266
239 266
240 266
241 566
242 266
243 233
244 466
245 466
246 366
247 400
248 300
249 200
250 200
251 233
252 366
253 533
254 500
255 500
256 333
257 466
258 466
259 466
260 500
261 466
262 433
263 400
264 500
265 500
266 433
267 466
268 366
269 433
270 533
271 500
272 1433
273 566
274 433
275 366
276 600
277 566
278 533
279 433
280 466
281 433
282 400
283 533
284 400
285 266
286 233
287 233
288 200
289 200
290 233
291 300
292 266
293 200
294 200
295 200
296 200
297 266
298 266
299 200
300 333
301 200
302 200
303 200
304 200
305 233
306 300
307 333
308 233
309 200
310 200
311 233
312 266
313 333
314 200
315 200
316 233
317 366
318 266
319 300
320 400
321 500
322 266
323 300
324 366
325 266
326 300
327 266
328 366
329 333
330 566
331 300
332 300
333 266
334 233
335 400
336 433
337 300
338 300
339 233
340 233
341 366
342 266
343 300
344 433
345 300
346 366
347 333
348 766
349 400
350 266
351 533
352 300
353 466
354 366
355 433
356 333
357 333
358 433
359 300
360 433
361 266
362 400
363 366
364 233
365 266
366 233
367 233
368 233
369 333
370 233
371 233
372 233
373 200
374 366
375 233
376 300
377 233
378 233
379 300
380 233
381 200
382 233
383 433
384 233
385 266
386 266
387 200
388 166
389 233
390 266
391 200
392 266
393 200
394 200
395 200
396 300
397 266
398 233
399 200
400 233
401 233
402 233
403 233
404 166
405 200
406 300
407 200
408 200
409 200
410 233
411 233
412 200
413 266
414 233
415 233
416 233
417 266
418 300
419 233
420 200
421 200
422 266
423 333
424 400
425 233
426 200
427 266
428 233
429 233
430 233
431 266
432 233
433 200
434 233
435 200
436 266
437 233
438 266
439 766
440 533
441 233
442 233
443 233
444 266
445 266
446 233
447 200
448 166
449 266
450 233
451 300
452 233
453 333
454 333
455 733
456 1000
457 700
458 333
459 433
460 200
461 200
462 200
463 300
464 366
465 266
466 433
467 600
468 533
469 300
470 266
471 266
472 400
473 333
474 266
475 200
476 566
477 433
478 433
479 533
480 500
481 333
482 500
483 433
484 400
485 433
486 333
487 366
488 633
489 500
490 766
491 533
492 400
493 633
494 533
495 500
496 733
497 633
498 800
499 833
500 700
501 666
502 733
503 766
504 400
505 866
506 533
507 466
508 2366
509 633
510 600
511 500
512 466
513 433
514 600
515 233
516 266
517 466
518 366
519 233
520 333
521 666
522 600
523 1533
524 533
525 433
526 333
527 266
528 233
529 400
530 233
531 233
532 266
533 366
534 233
535 333
536 566
537 333
538 266
539 266
540 433
541 400
542 400
543 466
544 500
545 366
546 700
547 833
548 800
549 800
550 800
551 966
552 666
553 933
554 500
555 800
556 733
557 733
558 600
559 700
560 766
561 600
562 866
563 733
564 566
565 1366
566 833
567 1366
568 866
569 866
570 800
571 700
572 733
573 533
574 466
575 733
576 833
577 666
578 800
579 800
580 733
581 766
582 700
583 600
584 966
585 800
586 733
587 733
588 500
589 1566
590 700
591 566
592 566
593 733
594 633
595 600
596 633
597 433
598 566
599 333
600 433
601 466
602 533
603 666
604 800
605 800
606 766
607 766
608 700
609 733
610 633
611 566
612 533
613 533
614 466
615 400
616 466
617 233
618 433
619 266
620 400
621 400
622 466
623 533
624 533
625 500
626 500
627 266
628 400
629 733
630 700
631 533
632 1166
633 1100
634 733
635 1000
636 700
637 500
638 533
639 733
640 600
641 600
642 766
643 700
644 766
645 766
646 633
647 1700
648 733
649 1000
650 600
651 800
652 733
653 633
654 500
655 600
656 1100
657 1233
658 900
659 700
660 666
661 733
662 666
663 800
664 700
665 533
666 566
667 600
668 600
669 533
670 533
671 533
672 600
673 766
674 633
675 733
676 500
677 566
678 1566
679 400
680 733
681 700
682 666
683 666
684 533
685 566
686 700
687 533
688 666
689 633
690 433
691 433
692 266
693 433
694 366
695 333
696 300
697 300
698 300
699 233
700 333
701 666
702 500
703 233
704 500
705 266
706 266
707 433
708 266
709 766
710 900
711 400
712 433
713 933
714 466
715 400
716 1900
717 566
718 533
719 400
720 466
721 566
722 466
723 533
724 533
725 533
726 566
727 800
728 900
729 633
730 733
731 633
732 433
733 666
734 566
735 566
736 766
737 666
738 600
739 733
740 733
741 566
742 28000
743 666
744 566
745 600
746 733
747 94566
748 933
749 600
750 633
751 566
752 500
753 666
754 566
755 533
756 566
757 700
758 700
759 833
760 700
761 666
762 600
763 666
764 666
765 800
766 766
767 933
768 866
769 866
770 900
771 633
772 966
773 833
774 766
775 700
776 966
777 800
778 1066
779 966
780 900
781 9100
782 866
783 733
784 633
785 733
786 633
787 600
788 666
789 666
790 500
791 333
792 400
793 666
794 433
795 433
796 633
797 733
798 800
799 600
800 566
801 600
802 1333
803 533
804 266
805 300
806 366
807 266
808 333
809 400
810 266
811 266
812 266
813 366
814 266
815 433
816 233
817 300
818 266
819 266
820 333
821 200
822 300
823 400
824 366
825 333
826 300
827 300
828 300
829 266
830 400
831 233
832 300
833 500
834 400
835 400
836 400
837 533
838 566
839 733
840 433
841 666
842 466
843 433
844 566
845 433
846 433
847 433
848 633
849 366
850 700
851 600
852 666
853 666
854 466
855 266
856 600
857 466
858 400
859 400
860 600
861 566
862 533
863 500
864 366
865 366
866 500
867 366
868 400
869 366
870 633
871 500
872 666
873 500
874 400
875 500
876 500
877 333
878 333
879 733
880 600
881 566
882 766
883 733
884 633
885 366
886 400
887 266
888 300
889 400
890 266
891 300
892 400
893 466
894 266
895 300
896 333
897 266
898 300
899 300
900 333
901 333
902 300
903 266
904 400
905 366
906 433
907 566
908 733
909 466
910 333
911 366
912 300
913 433
914 333
915 266
916 400
917 400
918 300
919 300
920 266
921 233
922 266
923 366
924 300
925 266
926 333
927 300
928 266
929 266
930 600
931 766
932 533
933 600
934 533
935 633
936 333
937 333
938 333
939 333
940 400
941 433
942 400
943 366
944 466
945 333
946 533
947 466
948 433
949 533
950 633
951 400
952 566
953 533
954 1033
955 433
956 566
957 500
958 766
959 2300
960 633
961 866
962 366
963 466
964 466
965 566
966 633
967 566
968 766
969 500
970 633
971 366
972 566
973 366
974 566
975 766
976 633
977 466
978 500
979 466
980 366
981 633
982 466
983 500
984 600
985 566
986 433
987 333
988 400
989 366
990 400
991 400
992 533
993 1033
994 866
995 900
996 1766
997 633
998 600
999 433
1000 333
